Teams,Left,Middle,Right
Barcelona,21%,62%,16%
Getafe,21%,64%,15%
Osasuna,20%,61%,19%
Cadiz,20%,66%,14%
Almeria,20%,67%,13%
Deportivo Alaves,19%,63%,19%
Athletic Club,18%,64%,18%
Real Sociedad,18%,67%,15%
Rayo Vallecano,18%,65%,18%
Granada,18%,65%,17%
Sevilla,17%,67%,16%
Girona,17%,66%,16%
Celta Vigo,16%,66%,18%
Villarreal,16%,67%,17%
Las Palmas,16%,68%,15%
Mallorca,15%,70%,16%
Valencia,15%,68%,16%
Atletico Madrid,15%,69%,16%
Real Madrid,13%,69%,18%
Real Betis,13%,70%,18%
